TrafficLight 0 0 0 0 0 0 0.32830810546875 0.26013708114624023 0.9611344337463379 -12.851113319396973 6.412284851074219 0.02033698558807373 0.7751756695932992  
TrafficLight 0 0 0 0 0 0 0.36786651611328125 0.26050782203674316 0.8242094218730927 10.501035690307617 -2.692636728286743 -0.023076102137565613 0.6927612475871938  
TrafficLight 0 0 0 0 0 0 0.11903572082519531 0.3240232467651367 1.0566489696502686 -21.055803298950195 -11.169159889221191 0.12358039617538452 2.632388022032008  
TrafficLight 0 0 0 0 0 0 0.12694931030273438 0.3244924545288086 0.9767848253250122 -29.70404052734375 14.066288948059082 0.1715019941329956 2.471638265297087  
TrafficLight 0 0 0 0 0 0 0.09961318969726562 0.22724628448486328 0.5762832462787628 38.254417419433594 5.919667720794678 0.2021327167749405 2.2431914654059444  
TrafficLight 0 0 0 0 0 0 0.07243156433105469 0.33505916595458984 0.6829698085784912 28.121219635009766 -12.354570388793945 0.04587197303771973 4.463565045379201  
TrafficLight 0 0 0 0 0 0 0.14356231689453125 0.10236358642578125 0.834207721054554 36.05035400390625 -43.078826904296875 0.2925814650952816 0.710550564315982  
TrafficLight 0 0 0 0 0 0 0.17055892944335938 0.228240966796875 0.8990177512168884 19.0953311920166 -35.57197189331055 0.06054297089576721 1.3156572485480003  
TrafficLight 0 0 0 0 0 0 4.00543212890625e-05 3.814697265625e-05 0.4943351447582245 27.803226470947266 -60.49757766723633 0.09960456192493439 0.9523809519189868  
Truck 0 0 0 0 0 0 4.812717437744141 2.0388867259025574 2.2861703485250473 46.22175598144531 -1.490136742591858 -1.24585372954607 0.23163769873991996  
Truck 0 0 0 0 0 0 3.2940139770507812 1.7257421016693115 1.4431750178337097 91.79981231689453 2.1437108516693115 -1.6094683706760406 0.31742914968534297  
Car 0 0 0 0 0 0 1.5181140899658203 3.332073211669922 0.5671359300613403 -27.54141616821289 63.66987991333008 -1.477074682712555 0.8426477679981798  
Car 0 0 0 0 0 0 3.3852882385253906 1.6816787719726562 0.9976401329040527 41.09957504272461 -50.66220474243164 -1.6130480766296387 0.305535121532156  
Car 0 0 0 0 0 0 1.8668498992919922 3.0142593383789062 0.7355560064315796 24.113271713256836 -89.55015563964844 -1.9043050408363342 0.6698265521385307  
Car 0 0 0 0 0 0 1.4654579162597656 2.5285186767578125 0.8665804862976074 -24.419776916503906 -54.17169952392578 -1.4218205213546753 0.8148887940043633  
Car 0 0 0 0 0 0 1.2748661041259766 3.5498619079589844 1.2637830972671509 -28.042667388916016 -47.984275817871094 -1.527521550655365 1.0167427691692126  
Car 0 0 0 0 0 0 1.5705795288085938 3.713613510131836 1.1441172361373901 20.65143585205078 -23.959882736206055 -1.5418005585670471 0.8326583479088681  
Car 0 0 0 0 0 0 2.1221277117729187 1.4410545825958252 1.0269572734832764 0.7792993187904358 3.150097608566284 -1.5451282262802124 0.45433250687465015 
